
100 2448 30
9 0 5 8 10 11 16 20 22 24 
19 0 1 2 3 5 10 11 12 13 14 16 17 19 20 21 23 25 26 28 
15 0 2 5 6 9 11 12 17 18 21 22 25 26 27 29 
17 0 1 2 3 4 5 12 13 15 16 19 21 24 26 27 28 29 
16 1 3 5 6 9 10 12 14 20 21 22 23 24 25 26 29 
12 4 10 11 13 15 16 18 19 21 25 26 29 
14 0 2 3 6 8 9 12 14 15 16 18 19 21 24 
16 0 1 6 7 8 10 11 16 17 22 24 25 26 27 28 29 
18 0 1 2 3 4 5 6 8 13 16 17 18 19 20 25 26 27 29 
13 0 1 5 6 7 14 18 19 22 24 26 28 29 
19 0 3 6 8 9 11 12 13 14 15 16 17 18 19 20 21 22 24 28 
17 0 3 5 6 7 8 9 11 13 18 20 22 24 25 26 27 28 
18 0 1 6 8 10 11 12 13 14 16 17 19 20 21 22 23 24 29 
16 1 3 4 5 6 8 9 14 15 17 18 22 23 24 27 28 
17 0 1 2 3 5 8 9 10 12 13 15 16 23 24 26 27 28 
11 0 3 9 11 12 13 14 15 18 21 28 
13 1 6 8 9 10 11 12 13 17 20 22 27 29 
16 0 3 4 9 10 14 17 18 20 21 23 24 25 26 27 29 
14 1 2 3 6 10 13 15 17 19 20 24 25 26 29 
15 0 1 6 7 8 9 10 12 13 18 19 20 22 26 27 
13 1 2 4 5 6 13 14 16 20 22 25 27 28 
13 0 1 2 6 7 8 10 11 13 15 18 23 26 
17 1 2 3 5 7 9 10 11 13 14 16 17 20 21 22 25 27 
14 0 3 8 9 10 11 13 15 16 17 22 23 25 28 
20 0 2 3 4 5 6 8 10 12 13 14 16 18 19 21 22 23 25 26 27 
13 0 1 6 7 10 11 13 15 16 17 20 27 28 
17 0 1 2 3 4 5 6 7 9 10 11 15 16 17 19 21 28 
13 2 3 4 7 8 11 12 13 14 18 21 24 29 
22 2 3 4 6 7 8 9 10 14 15 17 18 20 21 22 23 24 25 26 27 28 29 
17 1 2 3 7 8 9 12 14 16 17 18 19 20 21 23 28 29 
16 0 3 4 6 7 8 9 10 12 16 20 21 22 23 26 29 
18 0 1 2 3 6 9 10 11 12 14 15 16 18 19 20 25 27 28 
15 1 3 10 11 12 16 17 18 19 22 25 26 27 28 29 
18 0 1 3 4 7 10 11 14 17 18 19 21 22 23 24 26 27 28 
10 2 8 9 17 18 19 21 27 28 29 
23 0 1 2 3 4 5 6 7 8 9 12 13 16 17 18 21 22 23 24 25 26 27 28 
17 2 4 6 7 8 9 12 13 14 15 16 21 23 25 27 28 29 
13 0 1 4 5 7 9 12 13 17 19 24 26 28 
16 0 3 5 6 9 10 13 14 16 18 20 21 23 24 26 27 
15 0 1 3 4 6 9 10 11 13 15 16 18 19 24 28 
10 5 7 8 17 19 23 24 25 26 27 
9 4 6 7 8 19 22 24 26 29 
12 3 5 6 7 9 10 12 13 15 17 23 27 
15 0 1 3 7 8 12 13 14 15 16 17 19 20 22 25 
16 1 2 5 8 9 10 11 12 14 16 20 21 24 26 27 29 
15 2 3 5 6 10 11 12 14 16 19 21 23 24 26 28 
14 1 3 4 5 8 11 12 13 14 18 20 21 25 29 
17 2 4 6 7 9 13 14 15 17 19 21 24 25 26 27 28 29 
16 0 1 2 4 7 14 15 16 17 18 19 21 22 23 24 29 
15 1 3 4 5 7 10 13 15 18 19 20 21 25 26 29 
13 0 3 4 5 6 7 9 10 11 13 16 22 27 
16 4 5 6 8 9 17 18 19 20 21 22 24 25 27 28 29 
20 0 1 2 3 6 7 8 10 11 13 14 17 18 19 23 24 25 26 27 28 
16 2 3 5 7 8 9 10 13 14 15 17 19 21 25 27 29 
18 0 1 2 3 5 9 10 11 12 13 14 15 17 19 21 24 26 27 
15 1 2 5 6 7 11 12 14 16 17 18 19 26 28 29 
18 3 5 7 10 13 15 16 17 19 20 21 22 23 24 25 26 28 29 
17 0 1 2 5 6 7 9 10 12 13 14 18 19 20 25 27 29 
15 1 2 3 4 5 9 10 12 13 14 16 20 22 23 25 
15 1 3 5 7 9 11 12 13 16 17 19 21 22 23 27 
15 0 2 3 4 6 8 9 10 11 15 17 19 24 25 27 
19 1 2 3 4 6 10 11 12 13 14 15 19 20 21 22 23 24 25 27 
17 0 5 6 7 8 9 12 13 14 16 19 20 21 24 25 26 27 
10 6 7 10 14 15 18 19 24 25 28 
19 1 3 4 5 6 9 11 12 14 15 16 18 19 20 21 22 23 26 28 
14 1 2 3 10 13 15 17 18 19 22 25 27 28 29 
12 0 1 2 5 8 10 11 13 18 20 26 28 
9 3 8 12 14 15 17 18 20 24 
18 0 3 4 5 6 8 13 15 17 18 19 20 22 23 26 27 28 29 
15 0 3 4 5 8 10 11 13 16 18 20 23 24 25 26 
21 1 5 6 7 9 10 11 13 15 16 17 18 19 20 21 22 25 26 27 28 29 
14 1 4 7 8 12 14 15 16 17 18 19 23 27 28 
14 1 2 5 6 12 13 18 19 20 21 23 24 26 27 
15 0 3 4 13 14 17 19 20 21 22 23 26 27 28 29 
13 1 5 8 11 14 15 17 19 21 23 25 26 29 
12 0 3 9 12 16 18 20 21 22 24 26 29 
21 0 1 3 4 6 7 8 9 10 11 12 15 17 19 20 21 23 24 25 26 29 
15 1 4 5 8 9 12 13 15 16 19 20 23 24 26 29 
12 0 3 5 6 7 13 14 19 20 21 22 27 
15 1 2 3 5 7 10 11 13 16 17 19 23 25 26 29 
12 1 3 6 9 10 11 13 14 15 16 24 26 
18 0 2 3 5 6 7 8 9 12 13 17 20 23 24 25 26 28 29 
12 3 4 8 11 13 16 19 21 24 25 26 28 
11 4 5 9 14 15 16 18 19 20 23 25 
11 3 5 8 10 11 13 15 17 18 21 27 
17 0 1 3 10 11 12 13 15 16 17 20 22 23 24 26 27 28 
21 0 2 3 4 5 6 7 8 9 10 13 17 18 19 20 22 23 24 26 27 28 
14 0 4 5 6 10 12 13 14 15 17 19 21 25 27 
16 0 1 3 4 9 10 12 14 16 17 18 19 20 23 25 29 
17 3 4 6 9 10 11 12 14 15 19 20 21 22 25 26 27 29 
11 2 4 5 8 9 13 19 20 23 25 27 
13 2 6 7 8 11 17 19 21 22 25 26 27 29 
19 0 2 6 7 8 10 11 12 13 14 15 16 19 20 22 24 25 26 29 
13 2 3 6 7 8 10 11 12 15 18 20 22 27 
10 3 5 6 7 9 13 19 20 22 25 
17 0 2 3 5 7 9 12 15 16 19 21 22 23 24 26 27 29 
16 0 1 4 6 7 8 13 16 17 18 19 20 21 25 27 29 
16 0 1 3 5 6 7 8 10 11 14 15 19 20 21 23 25 
16 0 1 2 5 6 7 8 15 16 17 18 22 23 24 25 27 
16 0 1 4 7 9 10 12 13 18 19 21 22 23 26 28 29 
0 3
0 4
0 6
0 7
0 8
0 9
0 12
0 13
0 16
0 23
0 24
0 28
0 29
0 30
0 34
0 35
0 39
0 42
0 43
0 44
0 45
0 46
0 47
0 49
0 50
0 52
0 53
0 54
0 55
0 57
0 58
0 59
0 60
0 61
0 62
0 63
0 64
0 67
0 73
0 75
0 76
0 77
0 79
0 80
0 82
0 84
0 86
0 87
0 89
0 91
0 93
0 95
0 96
1 5
1 7
1 11
1 12
1 15
1 16
1 17
1 18
1 19
1 20
1 22
1 25
1 27
1 30
1 33
1 34
1 37
1 38
1 39
1 40
1 41
1 44
1 45
1 47
1 49
1 51
1 52
1 53
1 54
1 55
1 57
1 59
1 60
1 61
1 62
1 63
1 66
1 70
1 71
1 75
1 76
1 79
1 80
1 85
1 86
1 89
1 90
1 91
1 93
1 96
1 97
1 99
2 4
2 5
2 7
2 8
2 9
2 10
2 11
2 18
2 19
2 21
2 26
2 30
2 35
2 39
2 40
2 41
2 43
2 44
2 46
2 47
2 51
2 52
2 54
2 55
2 58
2 64
2 65
2 66
2 67
2 68
2 69
2 71
2 75
2 76
2 79
2 85
2 86
2 88
2 89
2 92
2 93
2 98
2 99
3 4
3 8
3 9
3 10
3 11
3 14
3 16
3 17
3 18
3 20
3 21
3 26
3 27
3 30
3 32
3 35
3 36
3 38
3 40
3 42
3 43
3 47
3 49
3 51
3 54
3 58
3 62
3 64
3 65
3 66
3 68
3 73
3 76
3 79
3 80
3 83
3 85
3 89
3 93
3 95
3 97
3 98
3 99
4 5
4 7
4 11
4 14
4 15
4 17
4 20
4 23
4 26
4 30
4 32
4 35
4 36
4 39
4 45
4 46
4 48
4 49
4 54
4 56
4 59
4 61
4 62
4 64
4 65
4 66
4 68
4 69
4 70
4 71
4 73
4 74
4 76
4 78
4 81
4 85
4 87
4 88
4 92
4 93
4 96
4 97
5 6
5 10
5 11
5 12
5 15
5 17
5 18
5 20
5 28
5 31
5 32
5 33
5 34
5 35
5 36
5 38
5 41
5 42
5 44
5 45
5 46
5 47
5 49
5 50
5 52
5 53
5 55
5 56
5 57
5 58
5 60
5 61
5 62
5 66
5 69
5 73
5 75
5 80
5 81
5 85
5 87
5 89
5 90
5 91
5 92
5 94
5 95
5 98
6 7
6 9
6 11
6 14
6 16
6 18
6 19
6 21
6 27
6 28
6 29
6 30
6 33
6 34
6 36
6 38
6 42
6 46
6 47
6 50
6 53
6 54
6 57
6 59
6 61
6 64
6 65
6 68
6 71
6 73
6 76
6 77
6 79
6 80
6 81
6 83
6 85
6 92
6 96
6 97
6 98
7 8
7 10
7 11
7 13
7 15
7 16
7 22
7 23
7 25
7 26
7 28
7 29
7 30
7 31
7 32
7 36
7 37
7 38
7 40
7 42
7 43
7 47
7 53
7 54
7 60
7 62
7 66
7 67
7 68
7 70
7 72
7 73
7 74
7 75
7 76
7 77
7 79
7 80
7 82
7 84
7 89
7 91
7 92
7 93
7 94
7 95
7 96
8 9
8 13
8 14
8 15
8 17
8 21
8 23
8 24
8 26
8 27
8 28
8 29
8 32
8 34
8 37
8 38
8 39
8 40
8 41
8 42
8 43
8 44
8 46
8 47
8 49
8 50
8 52
8 53
8 54
8 57
8 59
8 63
8 65
8 67
8 68
8 69
8 74
8 75
8 78
8 83
8 86
8 88
8 89
8 90
8 91
8 93
8 94
8 96
8 97
8 98
9 14
9 18
9 19
9 21
9 22
9 23
9 24
9 25
9 27
9 30
9 34
9 36
9 39
9 42
9 45
9 48
9 49
9 50
9 51
9 52
9 53
9 59
9 61
9 62
9 64
9 66
9 67
9 69
9 72
9 75
9 76
9 77
9 78
9 81
9 82
9 83
9 85
9 88
9 90
9 92
9 97
9 98
10 13
10 15
10 17
10 20
10 22
10 25
10 26
10 28
10 31
10 33
10 34
10 35
10 36
10 39
10 41
10 42
10 43
10 45
10 47
10 50
10 51
10 54
10 56
10 62
10 63
10 64
10 65
10 67
10 68
10 71
10 72
10 73
10 78
10 82
10 83
10 86
10 87
10 90
10 93
10 94
10 97
10 98
10 99
11 12
11 14
11 16
11 17
11 19
11 24
11 25
11 27
11 29
11 30
11 32
11 33
11 34
11 36
11 37
11 41
11 43
11 44
11 46
11 48
11 49
11 52
11 56
11 57
11 58
11 59
11 63
11 64
11 65
11 66
11 69
11 70
11 73
11 74
11 76
11 79
11 80
11 82
11 85
11 87
11 89
11 90
11 91
11 92
11 93
11 98
12 16
12 17
12 19
12 20
12 24
12 25
12 27
12 30
12 31
12 32
12 36
12 39
12 41
12 42
12 44
12 45
12 47
12 51
12 54
12 55
12 56
12 57
12 58
12 59
12 60
12 67
12 68
12 71
12 73
12 74
12 75
12 77
12 80
12 82
12 86
12 87
12 88
12 90
12 93
12 98
12 99
13 14
13 21
13 24
13 25
13 26
13 27
13 28
13 29
13 31
13 33
13 36
13 37
13 40
13 42
13 44
13 45
13 46
13 47
13 48
13 49
13 50
13 55
13 56
13 60
13 61
13 62
13 65
13 67
13 68
13 69
13 70
13 72
13 73
13 74
13 79
13 80
13 81
13 82
13 83
13 84
13 86
13 89
13 90
13 91
13 94
13 99
14 15
14 16
14 20
14 23
14 25
14 27
14 28
14 30
14 33
14 34
14 35
14 36
14 44
14 45
14 50
14 51
14 52
14 53
14 55
14 56
14 63
14 64
14 65
14 68
14 70
14 73
14 75
14 76
14 79
14 80
14 81
14 86
14 87
14 89
14 90
14 91
14 92
14 93
14 95
14 96
14 98
15 18
15 20
15 21
15 22
15 23
15 24
15 32
15 35
15 36
15 37
15 39
15 40
15 41
15 44
15 46
15 47
15 48
15 50
15 52
15 54
15 61
15 64
15 65
15 66
15 69
15 70
15 72
15 73
15 77
15 78
15 79
15 80
15 81
15 82
15 83
15 84
15 86
15 91
15 92
15 93
15 94
16 20
16 23
16 24
16 27
16 28
16 29
16 33
16 36
16 37
16 38
16 45
16 48
16 49
16 52
16 53
16 55
16 56
16 64
16 65
16 67
16 70
16 75
16 76
16 78
16 80
16 81
16 83
16 87
16 88
16 90
16 91
16 94
16 95
16 96
16 97
16 99
17 19
17 22
17 23
17 24
17 25
17 27
17 28
17 29
17 30
17 35
17 36
17 38
17 41
17 42
17 43
17 47
17 53
17 54
17 55
17 57
17 59
17 61
17 62
17 64
17 65
17 68
17 69
17 71
17 73
17 74
17 77
17 78
17 80
17 81
17 83
17 85
17 92
17 93
17 94
17 95
17 96
17 97
17 98
18 22
18 23
18 25
18 27
18 28
18 29
18 31
18 40
18 41
18 45
18 46
18 48
18 49
18 51
18 52
18 53
18 55
18 56
18 60
18 63
18 66
18 68
18 69
18 70
18 72
18 73
18 75
18 77
18 78
18 79
18 81
18 82
18 83
18 84
18 85
18 91
18 94
18 96
19 20
19 22
19 27
19 30
19 31
19 32
19 40
19 43
19 44
19 47
19 50
19 56
19 57
19 58
19 59
19 60
19 65
19 68
19 69
19 72
19 78
19 79
19 80
19 81
19 82
19 83
19 84
19 85
19 89
19 90
19 91
19 94
19 96
19 98
20 21
20 22
20 25
20 28
20 29
20 30
20 40
20 43
20 45
20 47
20 48
20 49
20 50
20 56
20 58
20 59
20 62
20 64
20 65
20 67
20 68
20 69
20 70
20 71
20 72
20 73
20 75
20 76
20 80
20 81
20 82
20 85
20 87
20 89
20 95
20 96
20 97
20 99
21 22
21 24
21 25
21 29
21 33
21 34
21 36
21 37
21 38
21 39
21 40
21 42
21 43
21 45
21 46
21 47
21 48
21 50
21 53
21 55
21 58
21 60
21 61
21 64
21 68
21 69
21 70
21 73
21 74
21 79
21 80
21 81
21 82
21 83
21 85
21 86
21 91
21 93
21 94
21 95
21 96
21 98
22 23
22 25
22 27
22 30
22 34
22 35
22 38
22 39
22 41
22 42
22 43
22 45
22 49
22 52
22 53
22 54
22 55
22 56
22 57
22 59
22 60
22 61
22 62
22 63
22 66
22 70
22 71
22 72
22 75
22 78
22 80
22 81
22 84
22 85
22 86
22 89
22 90
22 94
22 99
23 24
23 26
23 29
23 34
23 36
23 37
23 38
23 41
23 42
23 43
23 45
23 46
23 51
23 53
23 54
23 56
23 57
23 59
23 62
23 67
23 68
23 69
23 71
23 73
23 81
23 82
23 85
23 90
23 93
23 95
23 96
23 97
23 99
24 27
24 28
24 29
24 30
24 31
24 32
24 35
24 36
24 37
24 38
24 39
24 42
24 45
24 47
24 49
24 51
24 56
24 57
24 58
24 61
24 63
24 64
24 68
24 69
24 70
24 72
24 73
24 77
24 78
24 81
24 82
24 84
24 88
24 90
24 91
24 92
24 93
24 96
25 26
25 28
25 30
25 31
25 37
25 43
25 44
25 48
25 49
25 51
25 54
25 56
25 57
25 58
25 60
25 62
25 65
25 71
25 75
25 76
25 78
25 80
25 81
25 83
25 84
25 85
25 86
25 87
25 90
25 93
25 99
26 29
26 30
26 32
26 37
26 41
26 43
26 50
26 52
26 53
26 54
26 55
26 60
26 61
26 64
26 66
26 67
26 68
26 69
26 71
26 74
26 75
26 77
26 78
26 79
26 80
26 82
26 84
26 92
26 93
26 96
26 97
26 98
26 99
27 28
27 30
27 31
27 32
27 36
27 37
27 39
27 43
27 46
27 48
27 49
27 50
27 53
27 54
27 55
27 56
27 60
27 61
27 64
27 66
27 68
27 69
27 70
27 71
27 72
27 73
27 79
27 80
27 82
27 83
27 84
27 86
27 88
27 89
27 90
27 93
27 95
27 96
27 97
27 98
28 30
28 32
28 35
28 39
28 41
28 42
28 47
28 48
28 49
28 50
28 51
28 53
28 55
28 56
28 57
28 58
28 59
28 60
28 61
28 62
28 64
28 65
28 67
28 73
28 76
28 77
28 78
28 82
28 83
28 84
28 85
28 91
28 92
28 93
28 96
28 98
28 99
29 30
29 31
29 33
29 37
29 38
29 39
29 40
29 41
29 44
29 46
29 47
29 49
29 50
29 53
29 58
29 59
29 63
29 64
29 66
29 68
29 69
29 70
29 71
29 73
29 74
29 75
29 76
29 78
29 80
29 83
29 84
29 86
29 87
29 92
29 93
29 94
29 96
29 97
29 99
30 31
30 34
30 35
30 39
30 41
30 42
30 44
30 45
30 50
30 51
30 52
30 57
30 58
30 59
30 61
30 65
30 70
30 72
30 74
30 76
30 77
30 78
30 82
30 83
30 85
30 86
30 89
30 90
30 91
30 94
30 96
30 97
30 99
31 32
31 34
31 36
31 37
31 38
31 41
31 45
31 47
31 48
31 49
31 53
31 57
31 60
31 61
31 62
31 63
31 64
31 66
31 70
31 73
31 74
31 76
31 77
31 83
31 84
31 86
31 87
31 88
31 89
31 90
31 91
31 92
31 93
31 96
31 97
31 98
31 99
32 35
32 36
32 37
32 43
32 47
32 48
32 49
32 52
32 54
32 56
32 57
32 61
32 64
32 66
32 67
32 68
32 69
32 70
32 71
32 72
32 75
32 79
32 81
32 83
32 84
32 85
32 86
32 88
32 89
32 91
32 92
32 94
32 97
32 98
32 99
33 34
33 35
33 37
33 38
33 39
33 40
33 43
33 45
33 46
33 47
33 52
33 53
33 55
33 57
33 59
33 60
33 61
33 63
33 65
33 69
33 70
33 72
33 73
33 74
33 75
33 85
33 86
33 89
33 90
33 91
33 92
33 95
33 96
33 98
34 37
34 39
34 40
34 42
34 43
34 44
34 45
34 47
34 48
34 57
34 61
34 62
34 63
34 64
34 65
34 66
34 67
34 69
34 71
34 73
34 74
34 75
34 76
34 77
34 80
34 81
34 82
34 83
34 84
34 85
34 86
34 87
34 89
34 92
34 93
34 94
35 40
35 41
35 42
35 44
35 45
35 46
35 51
35 53
35 54
35 55
35 56
35 57
35 61
35 63
35 64
35 65
35 66
35 67
35 68
35 69
35 70
35 75
35 77
35 80
35 83
35 84
35 85
35 86
35 87
35 88
35 89
35 90
35 91
35 95
35 96
35 97
35 98
36 40
36 43
36 44
36 46
36 49
36 51
36 52
36 53
36 58
36 59
36 63
36 64
36 65
36 66
36 69
36 71
36 72
36 77
36 80
36 84
36 89
36 90
36 92
36 93
36 94
36 95
36 96
36 98
36 99
37 38
37 45
37 46
37 47
37 49
37 50
37 52
37 53
37 55
37 60
37 61
37 66
37 67
37 69
37 70
37 72
37 73
37 74
37 75
37 76
37 79
37 80
37 81
37 84
37 86
37 87
37 89
37 90
37 92
37 93
37 95
37 98
38 43
38 44
38 45
38 46
38 49
38 50
38 52
38 54
38 55
38 56
38 57
38 59
38 60
38 61
38 64
38 69
38 71
38 72
38 76
38 80
38 85
38 86
38 88
38 90
38 92
38 93
39 40
39 41
39 43
39 45
39 46
39 48
39 49
39 50
39 51
39 52
39 53
39 55
39 56
39 59
39 60
39 64
39 65
39 67
39 68
39 69
39 70
39 73
39 77
39 81
39 82
39 83
39 84
39 85
39 88
39 90
39 92
39 93
39 94
39 97
39 98
40 43
40 46
40 48
40 51
40 52
40 54
40 56
40 57
40 59
40 61
40 62
40 63
40 64
40 66
40 67
40 70
40 72
40 74
40 75
40 77
40 78
40 80
40 82
40 86
40 87
40 89
40 92
40 94
40 98
41 42
41 43
41 44
41 45
41 48
41 49
41 51
41 54
41 55
41 57
41 59
41 60
41 61
41 63
41 71
41 72
41 73
41 78
41 79
41 81
41 82
41 84
41 86
41 87
41 88
41 89
41 91
41 92
41 95
41 97
41 99
42 46
42 48
42 49
42 54
42 55
42 56
42 58
42 60
42 61
42 63
42 65
42 70
42 72
42 73
42 75
42 76
42 77
42 78
42 83
42 85
42 87
42 88
42 92
42 95
42 96
42 98
42 99
43 44
43 49
43 50
43 52
43 55
43 57
43 58
43 61
43 62
43 64
43 66
43 67
43 72
43 73
43 76
43 83
43 89
43 95
43 97
44 50
44 51
44 52
44 53
44 54
44 55
44 56
44 57
44 59
44 64
44 70
44 72
44 80
44 81
44 84
44 85
44 86
44 88
44 89
44 91
44 92
44 94
44 97
44 99
45 47
45 55
45 56
45 58
45 59
45 60
45 63
45 64
45 65
45 66
45 69
45 70
45 71
45 74
45 75
45 76
45 77
45 79
45 80
45 82
45 84
45 86
45 91
46 48
46 49
46 51
46 55
46 56
46 58
46 59
46 62
46 63
46 64
46 65
46 66
46 67
46 69
46 70
46 72
46 73
46 79
46 80
46 85
46 86
46 88
46 90
46 91
46 92
46 96
46 97
46 98
46 99
47 49
47 57
47 58
47 61
47 62
47 63
47 65
47 67
47 69
47 72
47 74
47 76
47 79
47 80
47 82
47 83
47 85
47 86
47 88
47 89
47 90
47 91
47 95
47 96
47 99
48 50
48 55
48 59
48 60
48 62
48 63
48 64
48 68
48 69
48 70
48 72
48 73
48 74
48 76
48 77
48 78
48 80
48 83
48 88
48 90
48 94
48 96
48 97
49 52
49 53
49 54
49 55
49 56
49 59
49 60
49 68
49 69
49 71
49 72
49 74
49 75
49 76
49 80
49 84
49 92
49 95
49 97
50 52
50 53
50 56
50 58
50 59
50 62
50 68
50 69
50 70
50 71
50 72
50 74
50 75
50 76
50 77
50 79
50 80
50 82
50 83
50 86
50 87
50 93
50 95
50 96
50 97
50 98
51 53
51 54
51 60
51 61
51 62
51 63
51 64
51 66
51 67
51 70
51 73
51 74
51 75
51 76
51 78
51 80
51 81
51 84
51 85
51 87
51 90
51 91
51 93
51 95
51 96
51 99
52 53
52 55
52 57
52 59
52 60
52 61
52 64
52 69
52 70
52 72
52 73
52 74
52 75
52 77
52 79
52 80
52 82
52 84
52 85
52 86
52 87
52 89
52 90
52 91
52 92
52 93
52 94
52 96
52 99
53 54
53 55
53 64
53 65
53 66
53 67
53 74
53 75
53 76
53 79
53 80
53 82
53 83
53 84
53 88
53 89
53 91
53 92
53 94
53 96
54 59
54 60
54 61
54 62
54 67
54 68
54 73
54 74
54 85
54 86
54 88
54 89
54 90
54 91
54 92
54 94
54 95
54 97
54 98
55 56
55 58
55 60
55 61
55 63
55 66
55 68
55 72
55 74
55 76
55 78
55 79
55 80
55 81
55 82
55 83
55 85
55 87
55 88
55 90
55 92
55 93
55 94
55 95
55 97
55 98
55 99
56 57
56 58
56 60
56 64
56 66
56 68
56 69
56 70
56 71
56 77
56 79
56 82
56 84
56 86
56 91
56 92
56 97
56 99
57 60
57 63
57 65
57 66
57 67
57 69
57 73
57 76
57 80
57 81
57 83
57 84
57 87
57 90
57 91
57 96
57 98
57 99
58 62
58 67
58 71
58 72
58 73
58 74
58 75
58 77
58 78
58 80
58 81
58 83
58 84
58 85
58 86
58 87
58 88
58 89
58 90
58 91
58 92
58 94
58 95
58 97
59 61
59 62
59 70
59 71
59 74
59 78
59 79
59 80
59 83
59 84
59 85
59 86
59 89
59 92
59 93
59 95
59 96
59 97
59 98
59 99
60 62
60 64
60 67
60 69
60 71
60 72
60 76
60 77
60 79
60 83
60 84
60 86
60 87
60 88
60 91
60 92
60 93
60 94
60 96
60 97
60 98
60 99
61 62
61 64
61 65
61 67
61 69
61 70
61 75
61 76
61 81
61 82
61 83
61 89
61 90
61 91
61 92
61 96
61 98
61 99
62 64
62 67
62 68
62 74
62 75
62 76
62 77
62 79
62 80
62 84
62 85
62 87
62 88
62 89
62 97
62 98
62 99
63 64
63 65
63 66
63 67
63 69
63 71
63 72
63 73
63 75
63 76
63 82
63 83
63 85
63 91
63 92
63 93
63 95
63 96
63 97
63 99
64 65
64 66
64 67
64 69
64 73
64 76
64 79
64 80
64 82
64 83
64 85
64 87
64 91
64 93
64 94
65 68
65 69
65 70
65 73
65 75
65 81
65 83
65 85
65 87
65 88
65 89
65 91
65 92
65 94
65 95
65 99
66 67
66 68
66 71
66 72
66 74
66 77
66 78
66 79
66 80
66 81
66 83
66 84
66 85
66 87
66 89
66 96
66 97
66 98
66 99
67 68
67 70
67 73
67 75
67 77
67 80
67 81
67 82
67 84
67 86
67 89
67 90
67 92
67 93
67 96
67 97
68 69
68 71
68 73
68 74
68 77
68 80
68 81
68 85
68 86
68 90
68 91
68 92
68 93
68 98
68 99
69 70
69 71
69 72
69 75
69 76
69 77
69 79
69 81
69 82
69 83
69 84
69 85
69 88
69 90
69 91
69 92
69 94
69 97
69 98
69 99
70 73
70 74
70 80
70 84
70 85
70 86
70 87
70 88
70 89
70 90
70 93
70 95
70 96
71 75
71 76
71 77
71 78
71 79
71 80
71 83
71 85
71 86
71 87
71 90
71 91
71 93
71 94
71 95
72 77
72 78
72 81
72 82
72 83
72 84
72 87
72 88
72 89
72 91
72 93
72 94
72 96
72 98
72 99
73 74
73 75
73 76
73 77
73 80
73 81
73 82
73 83
73 84
73 86
73 88
73 89
73 94
73 95
74 75
74 76
74 81
74 82
74 84
74 86
74 87
74 90
74 91
74 93
74 96
75 77
75 81
75 82
75 83
75 84
75 85
75 86
75 89
75 91
75 93
75 94
75 99
76 78
76 80
76 81
76 82
76 83
76 85
76 87
76 89
76 91
76 92
76 93
76 95
77 78
77 80
77 81
77 83
77 84
77 87
77 88
77 89
77 90
77 91
77 94
77 95
77 96
77 98
78 81
78 84
78 86
78 87
78 89
78 96
78 98
79 80
79 81
79 86
79 89
79 90
79 91
79 92
79 93
79 95
79 96
79 97
79 98
80 81
80 86
80 88
80 90
80 91
80 92
80 93
80 94
80 95
80 96
80 97
80 98
80 99
81 86
81 87
81 88
81 90
81 91
81 94
81 97
82 84
82 85
82 86
82 88
82 92
82 93
82 99
83 84
83 85
83 86
83 89
83 90
84 86
84 87
84 89
84 90
84 92
84 93
84 96
84 97
85 86
85 90
85 91
85 93
85 94
85 95
85 96
85 98
85 99
86 87
86 89
86 91
86 94
86 95
86 97
86 99
87 89
87 94
87 95
87 96
88 90
88 91
88 94
88 95
88 97
88 98
89 92
89 94
89 97
90 92
90 94
90 95
90 97
90 99
91 92
91 93
91 94
91 95
91 97
91 99
92 94
92 96
92 97
92 99
93 94
93 95
93 96
93 98
94 95
94 96
94 99
95 96
95 97
96 98
97 98
