
100 2468 30
14 1 2 3 11 12 14 15 18 20 21 24 26 27 28 
17 0 2 4 6 9 14 15 16 17 18 19 21 24 25 27 28 29 
16 0 2 5 7 8 11 12 14 17 18 19 21 24 26 27 28 
14 0 5 6 7 10 11 14 15 17 20 22 23 25 26 
14 1 3 5 7 11 12 15 16 21 24 25 26 28 29 
12 0 1 2 3 5 10 16 21 22 24 26 28 
14 0 4 6 8 15 18 19 21 23 24 25 27 28 29 
19 0 2 3 4 9 11 12 13 14 15 18 19 20 21 23 24 25 27 29 
16 2 3 4 6 7 8 11 12 13 16 20 21 23 25 26 29 
14 0 2 3 4 5 6 11 13 17 18 26 27 28 29 
16 2 4 6 7 9 10 11 13 15 19 20 22 23 25 26 27 
17 1 2 3 4 6 8 10 11 12 15 16 19 20 21 23 27 29 
16 3 5 6 7 8 9 10 17 18 20 22 23 24 25 26 29 
18 0 3 4 7 8 9 11 12 14 17 18 19 20 24 25 26 27 28 
13 4 7 8 11 12 14 17 19 20 21 23 25 27 
17 0 1 4 8 9 13 15 16 19 20 21 22 23 25 26 27 29 
13 0 3 6 9 10 12 13 14 15 18 23 27 28 
15 3 6 7 9 11 12 13 19 20 23 24 26 27 28 29 
20 1 2 5 6 7 8 9 11 12 13 14 15 16 17 20 21 23 26 27 28 
18 1 2 6 7 8 13 14 15 16 17 19 20 21 23 26 27 28 29 
18 0 3 6 7 8 14 16 18 19 20 22 23 24 25 26 27 28 29 
13 2 4 5 6 10 13 16 17 20 24 26 27 28 
17 1 2 3 4 8 10 12 13 14 15 16 17 18 20 25 27 29 
13 3 4 5 6 7 11 13 18 19 22 25 26 28 
12 0 1 3 6 7 8 9 11 17 19 26 28 
16 2 5 7 8 11 12 14 18 19 20 21 22 23 24 27 29 
17 0 2 3 5 7 9 10 17 19 21 22 23 24 26 27 28 29 
13 1 2 3 6 8 9 17 18 21 23 24 25 29 
11 3 4 6 8 11 14 15 22 26 28 29 
12 0 1 2 5 8 9 11 13 14 23 24 29 
9 3 11 12 15 18 21 22 26 29 
15 0 2 3 5 12 15 16 17 18 20 21 22 25 27 29 
17 1 2 4 5 6 7 9 10 12 13 17 18 20 22 24 25 27 
13 1 2 4 6 8 9 11 13 16 21 22 26 28 
18 2 3 7 9 10 13 16 17 18 19 21 22 23 24 25 26 27 28 
12 0 1 11 12 15 16 17 20 22 24 25 26 
16 0 1 2 3 4 5 7 10 12 15 16 17 20 21 23 24 
22 1 2 3 4 6 7 8 9 10 12 14 15 16 18 19 22 23 24 26 27 28 29 
15 0 1 2 4 8 9 10 15 16 17 18 22 23 24 29 
12 0 1 5 8 9 12 15 16 21 23 25 28 
16 0 1 2 4 5 6 9 10 12 13 17 19 20 26 28 29 
18 3 5 6 8 9 10 11 12 15 20 21 22 23 24 25 27 28 29 
13 1 2 6 7 9 11 13 14 23 24 25 27 29 
16 5 10 11 12 13 16 17 19 20 21 22 23 25 26 27 29 
14 1 3 4 7 10 11 12 17 18 19 20 26 27 28 
16 2 4 6 7 8 9 10 12 13 15 16 18 20 23 28 29 
16 2 3 6 7 8 10 11 16 17 20 23 24 25 27 28 29 
19 0 1 2 6 7 8 10 12 13 15 16 19 21 22 23 24 25 27 29 
12 1 7 8 9 10 13 14 19 20 21 23 25 
18 0 1 3 4 6 7 8 14 15 16 18 19 20 23 24 26 27 29 
17 1 5 7 9 10 11 12 13 14 15 18 19 24 25 26 28 29 
17 1 2 4 5 7 8 12 13 15 18 19 21 22 25 26 27 28 
16 1 2 3 6 8 11 14 16 17 18 20 21 24 26 28 29 
12 0 1 4 6 11 14 15 16 21 22 27 29 
14 1 2 3 6 7 10 12 13 17 19 20 24 27 29 
12 0 4 7 8 10 11 17 21 25 26 28 29 
12 0 2 5 11 12 14 15 17 20 23 24 26 
15 0 6 9 13 15 16 19 20 21 23 24 25 26 28 29 
9 2 5 10 16 17 21 22 26 27 
7 0 5 8 18 19 23 25 
14 1 2 3 5 9 12 14 16 17 23 24 25 27 28 
13 1 3 10 12 13 16 17 18 19 22 24 26 27 
18 0 3 4 6 7 8 9 12 13 14 16 18 20 21 25 26 27 29 
13 2 4 7 8 9 11 15 17 19 21 22 25 27 
12 3 6 7 8 11 14 17 20 22 25 26 29 
14 0 3 4 6 8 10 13 15 16 18 19 22 26 27 
16 1 4 6 10 11 13 15 18 19 20 22 23 25 26 27 29 
11 0 1 2 4 10 11 13 17 24 26 28 
14 0 1 2 4 7 8 9 10 13 14 15 25 28 29 
13 1 3 4 5 6 10 13 14 17 22 25 28 29 
18 0 1 6 11 13 15 16 17 18 19 20 21 22 24 25 27 28 29 
15 0 2 3 5 6 8 9 14 15 16 20 21 22 25 26 
18 0 1 4 5 8 9 11 12 14 16 19 20 21 22 24 25 26 28 
15 2 3 4 7 8 9 11 14 15 17 18 19 23 24 29 
14 1 5 9 10 13 17 18 19 21 24 25 27 28 29 
10 0 3 11 15 19 20 22 23 27 28 
14 4 7 10 12 14 15 16 17 18 19 20 22 25 29 
13 5 8 9 12 13 17 19 21 23 24 26 27 29 
18 1 4 8 9 10 11 12 14 16 17 18 19 20 23 24 25 26 29 
15 4 7 9 11 12 13 14 16 18 19 20 22 23 24 28 
16 1 2 4 7 8 10 11 12 15 18 19 20 21 25 27 29 
15 0 5 7 8 9 10 13 15 18 19 20 23 25 26 29 
13 1 2 5 9 12 14 15 16 17 18 23 27 28 
15 1 2 3 4 5 7 9 12 13 18 19 21 23 26 28 
15 1 2 5 6 9 10 11 12 17 19 22 24 25 27 29 
17 0 3 8 10 12 13 14 16 17 18 19 20 21 22 25 26 29 
14 1 6 10 14 15 18 19 20 22 25 26 27 28 29 
18 0 1 2 3 5 6 7 10 11 13 14 15 16 18 20 26 28 29 
15 0 4 7 8 10 12 13 17 19 20 22 23 25 26 28 
18 0 1 2 3 4 7 8 9 10 14 16 17 18 19 22 23 24 26 
13 1 2 3 5 9 15 17 18 19 20 21 22 24 
12 2 6 9 10 12 13 16 18 20 22 24 27 
20 1 2 3 4 5 6 8 10 13 15 16 17 18 20 21 22 24 26 28 29 
13 1 3 4 5 8 9 11 13 17 18 19 20 27 
13 0 2 3 6 8 11 12 15 19 22 25 27 28 
16 0 2 4 5 6 8 10 11 12 14 17 23 24 25 26 27 
14 1 3 4 5 9 11 12 14 17 22 26 27 28 29 
14 0 1 3 11 12 13 14 15 16 17 19 20 24 28 
13 2 4 7 9 13 14 15 17 19 21 22 28 29 
13 1 2 4 10 12 13 14 18 20 22 25 26 27 
0 2
0 10
0 11
0 21
0 24
0 26
0 28
0 29
0 33
0 38
0 40
0 43
0 46
0 48
0 49
0 51
0 54
0 56
0 57
0 61
0 66
0 68
0 70
0 73
0 74
0 76
0 77
0 81
0 83
0 84
0 85
0 86
0 89
0 90
0 91
0 93
0 94
0 95
0 98
0 99
1 3
1 5
1 8
1 9
1 10
1 11
1 14
1 15
1 16
1 17
1 20
1 21
1 22
1 27
1 31
1 32
1 33
1 35
1 37
1 39
1 41
1 42
1 44
1 46
1 48
1 49
1 51
1 52
1 53
1 54
1 55
1 57
1 63
1 64
1 68
1 70
1 72
1 76
1 78
1 80
1 81
1 82
1 84
1 85
1 86
1 87
1 89
1 90
1 93
1 94
1 95
1 98
1 99
2 3
2 4
2 6
2 11
2 12
2 13
2 14
2 18
2 19
2 20
2 22
2 25
2 32
2 34
2 35
2 38
2 39
2 40
2 41
2 45
2 48
2 53
2 54
2 57
2 60
2 64
2 65
2 66
2 67
2 71
2 72
2 73
2 74
2 77
2 80
2 83
2 84
2 85
2 87
2 91
2 92
2 97
2 98
3 5
3 6
3 7
3 9
3 10
3 11
3 13
3 14
3 19
3 21
3 23
3 24
3 25
3 28
3 31
3 32
3 34
3 35
3 36
3 39
3 44
3 45
3 47
3 50
3 53
3 54
3 55
3 57
3 58
3 60
3 61
3 62
3 63
3 64
3 69
3 70
3 72
3 76
3 77
3 79
3 80
3 81
3 83
3 85
3 86
3 88
3 93
3 94
3 95
3 96
4 5
4 8
4 9
4 11
4 15
4 16
4 18
4 19
4 23
4 26
4 29
4 31
4 32
4 34
4 36
4 39
4 40
4 43
4 44
4 48
4 49
4 51
4 52
4 57
4 63
4 65
4 66
4 68
4 69
4 70
4 73
4 74
4 75
4 76
4 78
4 80
4 81
4 82
4 83
4 84
4 85
4 86
4 88
4 89
4 91
4 94
4 99
5 6
5 10
5 11
5 13
5 16
5 20
5 21
5 22
5 23
5 30
5 31
5 33
5 34
5 36
5 37
5 39
5 40
5 41
5 43
5 44
5 45
5 48
5 52
5 53
5 56
5 61
5 62
5 63
5 66
5 68
5 69
5 70
5 71
5 75
5 76
5 78
5 81
5 91
5 92
5 93
5 95
5 96
5 97
5 98
5 99
6 7
6 10
6 14
6 15
6 17
6 18
6 20
6 21
6 22
6 23
6 24
6 25
6 26
6 27
6 34
6 35
6 36
6 37
6 39
6 41
6 42
6 44
6 46
6 47
6 51
6 53
6 54
6 55
6 58
6 59
6 60
6 61
6 62
6 63
6 64
6 65
6 69
6 70
6 73
6 76
6 78
6 79
6 81
6 82
6 87
6 89
6 91
6 93
6 97
6 99
7 9
7 11
7 19
7 20
7 21
7 23
7 24
7 25
7 26
7 28
7 29
7 32
7 34
7 36
7 39
7 40
7 41
7 43
7 44
7 46
7 47
7 50
7 51
7 52
7 53
7 59
7 60
7 62
7 64
7 66
7 69
7 70
7 73
7 74
7 76
7 77
7 78
7 80
7 82
7 84
7 87
7 91
7 94
7 95
7 98
7 99
8 10
8 12
8 15
8 16
8 18
8 26
8 30
8 31
8 33
8 36
8 38
8 39
8 44
8 46
8 50
8 51
8 53
8 54
8 55
8 58
8 61
8 62
8 66
8 67
8 70
8 72
8 73
8 76
8 77
8 80
8 81
8 82
8 84
8 86
8 87
8 90
8 91
8 92
8 93
8 94
8 95
8 96
8 98
8 99
9 11
9 13
9 17
9 20
9 22
9 23
9 24
9 25
9 30
9 31
9 35
9 36
9 37
9 44
9 48
9 54
9 55
9 56
9 57
9 58
9 59
9 61
9 64
9 65
9 66
9 67
9 70
9 73
9 76
9 79
9 82
9 83
9 85
9 90
9 92
9 96
9 98
9 99
10 11
10 12
10 15
10 18
10 20
10 21
10 22
10 25
10 26
10 27
10 28
10 30
10 31
10 34
10 35
10 38
10 40
10 41
10 42
10 44
10 45
10 46
10 48
10 52
10 53
10 54
10 56
10 58
10 62
10 63
10 69
10 71
10 73
10 74
10 75
10 76
10 78
10 82
10 84
10 89
10 90
10 91
10 92
10 95
10 96
10 98
10 99
11 13
11 14
11 15
11 19
11 21
11 22
11 25
11 26
11 28
11 32
11 33
11 34
11 35
11 36
11 39
11 44
11 45
11 46
11 47
11 52
11 55
11 56
11 57
11 58
11 59
11 60
11 61
11 62
11 64
11 65
11 68
11 71
11 74
11 75
11 77
11 78
11 80
11 81
11 84
11 86
11 87
11 88
11 91
11 92
11 93
11 94
11 97
11 98
12 13
12 14
12 16
12 17
12 19
12 21
12 22
12 23
12 25
12 26
12 28
12 30
12 31
12 33
12 35
12 37
12 39
12 40
12 41
12 42
12 43
12 46
12 47
12 48
12 49
12 50
12 51
12 55
12 57
12 58
12 59
12 60
12 63
12 64
12 66
12 67
12 69
12 71
12 73
12 77
12 78
12 79
12 80
12 82
12 83
12 84
12 85
12 87
12 88
12 89
12 92
12 93
12 96
12 97
12 99
13 22
13 23
13 24
13 28
13 30
13 32
13 35
13 37
13 38
13 40
13 45
13 46
13 48
13 49
13 51
13 52
13 57
13 58
13 59
13 60
13 62
13 65
13 66
13 68
13 69
13 70
13 72
13 73
13 77
13 79
13 80
13 81
13 84
13 85
13 86
13 87
13 91
13 93
13 94
13 98
13 99
14 16
14 17
14 18
14 20
14 22
14 23
14 24
14 28
14 29
14 30
14 33
14 38
14 39
14 42
14 43
14 44
14 45
14 46
14 47
14 49
14 50
14 51
14 52
14 56
14 57
14 61
14 63
14 66
14 69
14 70
14 72
14 73
14 77
14 78
14 82
14 83
14 84
14 85
14 91
14 97
14 98
15 18
15 19
15 22
15 24
15 25
15 30
15 33
15 36
15 37
15 39
15 40
15 41
15 42
15 43
15 45
15 46
15 48
15 49
15 52
15 53
15 56
15 59
15 61
15 62
15 66
15 67
15 68
15 69
15 71
15 73
15 77
15 78
15 81
15 83
15 87
15 90
15 91
15 94
16 18
16 21
16 22
16 27
16 28
16 31
16 34
16 35
16 36
16 39
16 41
16 42
16 43
16 45
16 46
16 52
16 53
16 55
16 56
16 57
16 60
16 61
16 64
16 65
16 66
16 68
16 69
16 70
16 71
16 73
16 77
16 80
16 81
16 85
16 91
16 92
16 94
16 95
16 96
16 98
17 18
17 26
17 27
17 28
17 30
17 38
17 41
17 42
17 43
17 44
17 47
17 48
17 49
17 50
17 51
17 52
17 57
17 58
17 59
17 60
17 62
17 63
17 64
17 65
17 67
17 69
17 70
17 73
17 74
17 75
17 76
17 77
17 78
17 80
17 88
17 89
17 93
17 94
17 95
17 96
17 97
17 99
18 20
18 21
18 22
18 26
18 27
18 32
18 35
18 36
18 37
18 38
18 39
18 40
18 41
18 43
18 45
18 49
18 51
18 53
18 54
18 56
18 57
18 60
18 65
18 67
18 69
18 73
18 74
18 77
18 79
18 81
18 86
18 88
18 89
18 92
18 94
18 95
18 96
18 97
18 98
19 20
19 24
19 26
19 30
19 31
19 33
19 38
19 39
19 44
19 48
19 54
19 55
19 58
19 66
19 75
19 78
19 79
19 81
19 84
19 85
19 86
19 87
19 88
19 89
19 91
19 92
19 94
19 95
20 23
20 26
20 27
20 28
20 31
20 35
20 36
20 37
20 38
20 41
20 42
20 44
20 45
20 46
20 47
20 48
20 49
20 50
20 52
20 53
20 56
20 57
20 58
20 60
20 61
20 63
20 66
20 67
20 68
20 72
20 73
20 77
20 78
20 80
20 84
20 88
20 89
20 90
20 91
20 92
20 93
20 95
20 96
20 97
21 30
21 32
21 33
21 34
21 35
21 37
21 39
21 40
21 41
21 45
21 47
21 52
21 54
21 57
21 59
21 60
21 62
21 64
21 70
21 71
21 72
21 73
21 74
21 77
21 78
21 80
21 81
21 83
21 85
21 86
21 88
21 89
21 90
21 92
21 93
21 94
21 95
21 96
21 97
21 98
21 99
22 26
22 27
22 29
22 30
22 32
22 34
22 35
22 36
22 37
22 38
22 43
22 45
22 47
22 51
22 52
22 53
22 54
22 58
22 60
22 64
22 68
22 69
22 70
22 71
22 72
22 73
22 74
22 75
22 77
22 78
22 79
22 80
22 81
22 83
22 84
22 86
22 87
22 90
22 92
22 99
23 24
23 25
23 30
23 31
23 32
23 34
23 38
23 40
23 42
23 43
23 45
23 48
23 52
23 53
23 54
23 58
23 63
23 65
23 66
23 68
23 69
23 70
23 72
23 74
23 75
23 76
23 78
23 81
23 83
23 84
23 87
23 89
23 92
23 94
23 95
23 96
23 98
24 27
24 29
24 31
24 32
24 36
24 38
24 41
24 47
24 49
24 51
24 54
24 55
24 57
24 59
24 61
24 64
24 68
24 69
24 70
24 71
24 72
24 73
24 75
24 76
24 78
24 79
24 81
24 84
24 85
24 86
24 90
24 92
24 93
24 99
25 26
25 28
25 32
25 33
25 34
25 36
25 37
25 39
25 41
25 44
25 46
25 48
25 49
25 51
25 52
25 53
25 56
25 57
25 61
25 63
25 67
25 68
25 71
25 75
25 76
25 77
25 78
25 83
25 84
25 86
25 88
25 91
25 92
25 94
25 95
25 97
25 99
26 28
26 29
26 31
26 32
26 33
26 37
26 41
26 44
26 45
26 47
26 48
26 49
26 54
26 59
26 63
26 66
26 68
26 72
26 75
26 76
26 80
26 83
26 84
26 85
26 86
26 87
26 89
26 92
26 94
26 95
26 98
27 28
27 31
27 33
27 34
27 36
27 37
27 38
27 42
27 43
27 44
27 46
27 49
27 50
27 53
27 55
27 58
27 61
27 62
27 69
27 72
27 73
27 74
27 76
27 77
27 79
27 82
27 83
27 84
27 85
27 87
27 89
27 90
27 92
27 93
27 94
27 95
27 96
27 97
27 98
27 99
28 29
28 30
28 33
28 34
28 35
28 37
28 40
28 41
28 42
28 44
28 45
28 47
28 48
28 49
28 50
28 54
28 57
28 58
28 59
28 61
28 62
28 63
28 69
28 71
28 75
28 76
28 80
28 88
28 89
28 90
28 91
28 93
28 96
28 97
28 99
29 30
29 31
29 33
29 34
29 37
29 39
29 42
29 44
29 45
29 47
29 50
29 55
29 56
29 57
29 58
29 59
29 60
29 64
29 65
29 70
29 72
29 74
29 77
29 78
29 80
29 85
29 86
29 90
29 92
29 93
30 31
30 33
30 35
30 36
30 38
30 39
30 42
30 43
30 47
30 51
30 53
30 56
30 61
30 62
30 65
30 68
30 69
30 70
30 72
30 74
30 77
30 78
30 80
30 81
30 82
30 85
30 88
30 89
30 91
30 93
30 96
31 32
31 36
31 41
31 43
31 50
31 51
31 53
31 54
31 55
31 56
31 59
31 61
31 64
31 67
31 68
31 70
31 71
31 72
31 73
31 76
31 81
31 82
31 85
31 87
31 88
31 91
31 92
31 94
31 95
31 96
31 97
32 33
32 34
32 35
32 36
32 37
32 38
32 41
32 44
32 46
32 47
32 48
32 49
32 50
32 52
32 53
32 54
32 55
32 57
32 59
32 62
32 64
32 68
32 69
32 70
32 71
32 72
32 73
32 76
32 77
32 78
32 83
32 88
32 90
32 91
32 99
33 34
33 35
33 37
33 38
33 43
33 46
33 47
33 49
33 54
33 56
33 57
33 59
33 60
33 62
33 63
33 64
33 65
33 69
33 72
33 74
33 75
33 76
33 77
33 79
33 83
33 84
33 85
33 86
33 88
33 89
33 90
33 92
33 94
33 96
33 97
33 99
34 35
34 37
34 38
34 39
34 43
34 45
34 46
34 50
34 51
34 55
34 56
34 57
34 60
34 61
34 64
34 66
34 67
34 72
34 73
34 74
34 75
34 77
34 78
34 80
34 82
34 84
34 85
34 86
34 89
34 91
34 92
34 94
34 96
34 98
34 99
35 36
35 37
35 40
35 41
35 46
35 48
35 49
35 50
35 52
35 53
35 58
35 60
35 61
35 62
35 66
35 69
35 71
35 73
35 74
35 76
35 79
35 82
35 83
35 84
35 86
35 87
35 89
35 91
35 93
35 94
35 95
35 98
36 37
36 38
36 39
36 42
36 46
36 50
36 51
36 53
36 54
36 57
36 61
36 62
36 67
36 69
36 70
36 72
36 77
36 84
36 85
36 86
36 87
36 89
36 90
36 93
36 94
36 96
36 97
36 99
37 38
37 41
37 46
37 49
37 53
37 54
37 55
37 56
37 60
37 61
37 62
37 63
37 64
37 66
37 68
37 73
37 76
37 77
37 79
37 81
37 82
37 85
37 86
37 88
37 92
37 93
37 96
37 97
37 98
37 99
38 39
38 40
38 43
38 45
38 46
38 49
38 50
38 54
38 55
38 58
38 60
38 61
38 62
38 63
38 64
38 68
38 77
38 78
38 85
38 89
38 91
38 93
38 99
39 42
39 43
39 46
39 47
39 48
39 49
39 50
39 51
39 55
39 58
39 59
39 60
39 67
39 71
39 73
39 76
39 77
39 78
39 89
39 91
39 98
40 41
40 42
40 44
40 45
40 49
40 50
40 51
40 53
40 54
40 56
40 57
40 58
40 59
40 60
40 61
40 62
40 63
40 64
40 65
40 66
40 67
40 68
40 69
40 70
40 73
40 75
40 77
40 79
40 81
40 85
40 86
40 87
40 88
40 92
40 93
40 94
40 98
41 45
41 47
41 49
41 50
41 51
41 54
41 58
41 59
41 60
41 61
41 63
41 65
41 69
41 70
41 76
41 79
41 81
41 85
41 91
41 92
41 94
41 96
41 97
41 99
42 44
42 45
42 47
42 48
42 49
42 51
42 52
42 54
42 55
42 57
42 58
42 60
42 61
42 63
42 66
42 67
42 69
42 70
42 73
42 78
42 81
42 82
42 83
42 84
42 87
42 88
42 89
42 91
42 95
43 44
43 45
43 46
43 47
43 48
43 49
43 50
43 52
43 53
43 56
43 57
43 59
43 60
43 61
43 62
43 63
43 64
43 66
43 72
43 73
43 74
43 77
43 78
43 79
43 81
43 82
43 83
43 85
43 87
43 90
43 92
43 94
43 95
43 98
44 45
44 46
44 52
44 56
44 57
44 58
44 59
44 60
44 61
44 62
44 63
44 64
44 66
44 67
44 72
44 73
44 77
44 79
44 82
44 83
44 85
44 86
44 87
44 88
44 89
44 90
44 94
44 97
44 98
45 46
45 55
45 57
45 58
45 59
45 60
45 62
45 63
45 64
45 67
45 70
45 74
45 76
45 83
45 85
45 89
45 91
45 93
45 95
45 96
45 98
45 99
46 51
46 53
46 56
46 58
46 60
46 61
46 62
46 65
46 66
46 69
46 70
46 71
46 72
46 74
46 76
46 79
46 82
46 83
46 84
46 85
46 86
46 87
46 88
46 90
46 91
46 94
46 96
46 99
47 48
47 50
47 51
47 53
47 56
47 59
47 60
47 61
47 64
47 65
47 66
47 67
47 70
47 72
47 73
47 74
47 76
47 77
47 80
47 81
47 82
47 83
47 86
47 87
47 91
47 92
47 94
48 49
48 50
48 52
48 56
48 58
48 59
48 60
48 63
48 70
48 71
48 72
48 75
48 76
48 78
48 80
48 84
48 85
48 86
48 88
48 90
48 91
48 95
48 97
48 98
49 50
49 51
49 53
49 54
49 55
49 57
49 58
49 60
49 61
49 62
49 63
49 67
49 68
49 72
49 74
49 78
49 80
49 85
49 86
49 88
49 90
49 94
49 98
49 99
50 53
50 55
50 56
50 57
50 58
50 59
50 60
50 62
50 63
50 65
50 66
50 71
50 74
50 75
50 76
50 77
50 78
50 84
50 85
50 86
50 87
50 91
50 92
50 93
50 94
50 95
50 96
50 98
50 99
51 56
51 57
51 58
51 60
51 63
51 65
51 67
51 69
51 70
51 71
51 72
51 73
51 75
51 77
51 80
51 81
51 83
51 84
51 86
51 88
51 89
51 92
51 94
51 95
51 96
51 98
52 54
52 55
52 56
52 57
52 59
52 62
52 63
52 64
52 65
52 68
52 71
52 72
52 74
52 77
52 78
52 80
52 84
52 85
52 86
52 89
52 92
52 93
52 96
53 55
53 56
53 58
53 59
53 60
53 62
53 63
53 64
53 65
53 66
53 67
53 70
53 71
53 74
53 80
53 81
53 82
53 84
53 85
53 86
53 87
53 91
53 93
53 95
53 96
53 97
53 98
53 99
54 57
54 59
54 60
54 64
54 65
54 66
54 68
54 70
54 71
54 72
54 73
54 74
54 78
54 80
54 82
54 88
54 89
54 91
54 92
54 94
54 96
54 99
55 59
55 60
55 63
55 64
55 66
55 69
55 75
55 77
55 81
55 84
55 85
55 87
55 88
55 90
55 93
55 96
55 97
55 99
56 62
56 63
56 64
56 66
56 67
56 68
56 69
56 70
56 73
56 75
56 77
56 83
56 84
56 86
56 87
56 89
56 91
56 92
56 93
56 96
56 97
56 98
57 59
57 60
57 61
57 62
57 63
57 64
57 66
57 69
57 71
57 73
57 75
57 76
57 77
57 78
57 81
57 86
57 87
57 88
57 89
57 92
57 93
57 94
57 96
57 99
58 59
58 61
58 63
58 64
58 65
58 69
58 70
58 72
58 75
58 76
58 77
58 79
58 81
58 83
58 85
58 89
58 90
58 92
58 93
58 94
58 96
58 99
59 61
59 65
59 66
59 67
59 70
59 71
59 73
59 74
59 75
59 76
59 78
59 80
59 81
59 82
59 83
59 84
59 85
59 87
59 89
59 97
60 61
60 62
60 63
60 65
60 67
60 68
60 69
60 73
60 74
60 75
60 76
60 77
60 79
60 82
60 83
60 84
60 85
60 86
60 87
60 89
60 90
60 91
60 92
60 95
60 96
60 98
61 62
61 63
61 64
61 67
61 68
61 70
61 74
61 75
61 76
61 78
61 82
61 83
61 84
61 85
61 86
61 87
61 88
61 89
61 91
61 93
61 96
61 97
61 98
61 99
62 64
62 65
62 67
62 68
62 69
62 70
62 72
62 76
62 79
62 80
62 81
62 83
62 85
62 87
62 88
62 89
62 93
62 97
62 98
62 99
63 65
63 73
63 74
63 75
63 76
63 81
63 82
63 83
63 84
63 85
63 91
63 92
63 94
63 95
63 96
63 97
63 99
64 66
64 68
64 74
64 76
64 86
64 87
64 94
64 97
64 99
65 70
65 72
65 73
65 75
65 76
65 78
65 79
65 83
65 85
65 88
65 91
65 92
65 93
65 94
66 67
66 68
66 70
66 71
66 72
66 75
66 78
66 81
66 82
66 88
66 89
66 90
66 91
66 93
66 94
66 97
66 99
67 68
67 70
67 71
67 74
67 75
67 76
67 78
67 80
67 81
67 84
67 86
67 87
67 88
67 90
67 91
67 92
67 93
67 94
67 95
67 96
68 69
68 71
68 72
68 73
68 76
68 77
68 78
68 79
68 81
68 82
68 83
68 87
68 88
68 89
68 92
68 93
68 94
68 96
68 98
69 70
69 71
69 72
69 74
69 75
69 79
69 83
69 87
69 88
69 89
69 93
69 94
69 95
69 96
69 97
69 99
70 71
70 74
70 75
70 76
70 77
70 78
70 81
70 86
70 88
70 91
70 94
70 96
70 98
70 99
71 74
71 79
71 80
71 88
71 89
71 90
71 92
71 93
71 95
71 98
72 74
72 76
72 78
72 79
72 81
72 83
72 84
72 86
72 87
72 88
72 89
72 90
72 95
72 96
72 97
72 98
72 99
73 75
73 76
73 80
73 82
73 86
73 87
73 88
73 89
73 94
73 95
73 97
73 98
74 76
74 79
74 81
74 82
74 84
74 85
74 86
74 88
74 89
74 92
74 93
74 95
74 96
74 98
75 78
75 80
75 81
75 82
75 83
75 84
75 86
75 87
75 88
75 92
75 93
75 96
75 98
75 99
76 77
76 79
76 81
76 84
76 85
76 88
76 89
76 90
76 92
76 93
76 94
76 95
76 96
76 98
77 78
77 83
77 85
77 87
77 88
77 89
77 93
77 98
77 99
78 82
78 85
78 86
78 87
78 90
78 92
78 94
78 95
78 96
78 99
79 81
79 82
79 84
79 85
79 90
79 91
79 93
79 94
79 95
79 96
79 98
79 99
80 81
80 86
80 87
80 89
80 90
80 91
80 94
80 95
80 96
80 97
81 82
81 83
81 87
81 88
81 90
81 94
81 96
81 97
82 83
82 84
82 86
82 90
82 91
82 93
82 94
82 95
82 97
83 84
83 85
83 88
83 90
83 92
83 95
83 96
83 97
83 98
84 85
84 89
84 90
84 92
84 97
84 98
85 86
85 88
85 90
85 91
85 92
85 93
85 94
85 95
86 87
86 89
86 90
86 93
86 94
86 97
86 98
86 99
87 88
87 89
87 91
87 97
87 98
87 99
88 90
88 95
88 96
88 98
88 99
89 91
89 92
89 93
89 97
89 99
90 91
90 92
90 93
90 94
90 96
90 98
90 99
91 92
91 93
91 94
91 96
92 96
92 97
92 99
93 94
93 95
93 97
93 99
94 95
94 96
94 97
94 98
94 99
95 99
96 97
96 99
97 98
97 99
